solid s3_frontera (Meshed)
  facet normal 0.000000 0.000000 1.000000
    outer loop
      vertex -0.255000 0.030000 0.255000
      vertex -0.255000 -0.020000 0.255000
      vertex 0.255000 -0.020000 0.255000
    endloop
  endfacet
  facet normal 0.000000 0.000000 1.000000
    outer loop
      vertex 0.255000 0.030000 0.255000
      vertex -0.255000 0.030000 0.255000
      vertex 0.255000 -0.020000 0.255000
    endloop
  endfacet
  facet normal 1.000000 0.000000 0.000000
    outer loop
      vertex 0.255000 0.030000 0.255000
      vertex 0.255000 -0.020000 0.255000
      vertex 0.255000 -0.020000 -0.255000
    endloop
  endfacet
  facet normal 1.000000 0.000000 -0.000000
    outer loop
      vertex 0.255000 0.030000 -0.255000
      vertex 0.255000 0.030000 0.255000
      vertex 0.255000 -0.020000 -0.255000
    endloop
  endfacet
  facet normal 0.000000 -0.000000 -1.000000
    outer loop
      vertex 0.255000 0.030000 -0.255000
      vertex 0.255000 -0.020000 -0.255000
      vertex -0.255000 -0.020000 -0.255000
    endloop
  endfacet
  facet normal 0.000000 0.000000 -1.000000
    outer loop
      vertex -0.255000 0.030000 -0.255000
      vertex 0.255000 0.030000 -0.255000
      vertex -0.255000 -0.020000 -0.255000
    endloop
  endfacet
  facet normal -1.000000 0.000000 0.000000
    outer loop
      vertex -0.255000 0.030000 -0.255000
      vertex -0.255000 -0.020000 -0.255000
      vertex -0.255000 -0.020000 0.255000
    endloop
  endfacet
  facet normal -1.000000 -0.000000 -0.000000
    outer loop
      vertex -0.255000 0.030000 0.255000
      vertex -0.255000 0.030000 -0.255000
      vertex -0.255000 -0.020000 0.255000
    endloop
  endfacet
  facet normal 1.000000 0.000000 0.000000
    outer loop
      vertex -0.250000 -0.020000 0.250000
      vertex -0.250000 -0.020000 -0.250000
      vertex -0.250000 0.030000 -0.250000
    endloop
  endfacet
  facet normal 1.000000 -0.000000 0.000000
    outer loop
      vertex -0.250000 -0.020000 0.250000
      vertex -0.250000 0.030000 -0.250000
      vertex -0.250000 0.030000 0.250000
    endloop
  endfacet
  facet normal 0.000000 0.000000 1.000000
    outer loop
      vertex -0.250000 -0.020000 -0.250000
      vertex 0.250000 -0.020000 -0.250000
      vertex 0.250000 0.030000 -0.250000
    endloop
  endfacet
  facet normal 0.000000 0.000000 1.000000
    outer loop
      vertex -0.250000 -0.020000 -0.250000
      vertex 0.250000 0.030000 -0.250000
      vertex -0.250000 0.030000 -0.250000
    endloop
  endfacet
  facet normal -1.000000 0.000000 0.000000
    outer loop
      vertex 0.250000 -0.020000 -0.250000
      vertex 0.250000 -0.020000 0.250000
      vertex 0.250000 0.030000 0.250000
    endloop
  endfacet
  facet normal -1.000000 0.000000 0.000000
    outer loop
      vertex 0.250000 -0.020000 -0.250000
      vertex 0.250000 0.030000 0.250000
      vertex 0.250000 0.030000 -0.250000
    endloop
  endfacet
  facet normal 0.000000 0.000000 -1.000000
    outer loop
      vertex 0.250000 -0.020000 0.250000
      vertex -0.250000 -0.020000 0.250000
      vertex -0.250000 0.030000 0.250000
    endloop
  endfacet
  facet normal 0.000000 0.000000 -1.000000
    outer loop
      vertex 0.250000 -0.020000 0.250000
      vertex -0.250000 0.030000 0.250000
      vertex 0.250000 0.030000 0.250000
    endloop
  endfacet
  facet normal 0.000000 -1.000000 0.000000
    outer loop
      vertex -0.255000 -0.020000 0.255000
      vertex -0.255000 -0.020000 -0.255000
      vertex -0.250000 -0.020000 0.250000
    endloop
  endfacet
  facet normal 0.000000 -1.000000 0.000000
    outer loop
      vertex -0.255000 -0.020000 -0.255000
      vertex -0.250000 -0.020000 -0.250000
      vertex -0.250000 -0.020000 0.250000
    endloop
  endfacet
  facet normal 0.000000 -1.000000 0.000000
    outer loop
      vertex -0.255000 -0.020000 -0.255000
      vertex 0.255000 -0.020000 -0.255000
      vertex 0.250000 -0.020000 -0.250000
    endloop
  endfacet
  facet normal 0.000000 -1.000000 -0.000000
    outer loop
      vertex -0.250000 -0.020000 -0.250000
      vertex -0.255000 -0.020000 -0.255000
      vertex 0.250000 -0.020000 -0.250000
    endloop
  endfacet
  facet normal 0.000000 -1.000000 0.000000
    outer loop
      vertex -0.250000 -0.020000 0.250000
      vertex 0.250000 -0.020000 0.250000
      vertex 0.255000 -0.020000 0.255000
    endloop
  endfacet
  facet normal 0.000000 -1.000000 0.000000
    outer loop
      vertex -0.255000 -0.020000 0.255000
      vertex -0.250000 -0.020000 0.250000
      vertex 0.255000 -0.020000 0.255000
    endloop
  endfacet
  facet normal 0.000000 -1.000000 0.000000
    outer loop
      vertex 0.250000 -0.020000 -0.250000
      vertex 0.255000 -0.020000 -0.255000
      vertex 0.255000 -0.020000 0.255000
    endloop
  endfacet
  facet normal 0.000000 -1.000000 0.000000
    outer loop
      vertex 0.250000 -0.020000 0.250000
      vertex 0.250000 -0.020000 -0.250000
      vertex 0.255000 -0.020000 0.255000
    endloop
  endfacet
  facet normal 0.000000 1.000000 0.000000
    outer loop
      vertex -0.250000 0.030000 0.250000
      vertex -0.255000 0.030000 -0.255000
      vertex -0.255000 0.030000 0.255000
    endloop
  endfacet
  facet normal 0.000000 1.000000 0.000000
    outer loop
      vertex -0.250000 0.030000 0.250000
      vertex -0.250000 0.030000 -0.250000
      vertex -0.255000 0.030000 -0.255000
    endloop
  endfacet
  facet normal 0.000000 1.000000 0.000000
    outer loop
      vertex 0.250000 0.030000 -0.250000
      vertex 0.255000 0.030000 -0.255000
      vertex -0.255000 0.030000 -0.255000
    endloop
  endfacet
  facet normal 0.000000 1.000000 0.000000
    outer loop
      vertex 0.250000 0.030000 -0.250000
      vertex -0.255000 0.030000 -0.255000
      vertex -0.250000 0.030000 -0.250000
    endloop
  endfacet
  facet normal 0.000000 1.000000 0.000000
    outer loop
      vertex 0.255000 0.030000 0.255000
      vertex 0.250000 0.030000 0.250000
      vertex -0.250000 0.030000 0.250000
    endloop
  endfacet
  facet normal 0.000000 1.000000 0.000000
    outer loop
      vertex 0.255000 0.030000 0.255000
      vertex -0.250000 0.030000 0.250000
      vertex -0.255000 0.030000 0.255000
    endloop
  endfacet
  facet normal 0.000000 1.000000 0.000000
    outer loop
      vertex 0.255000 0.030000 0.255000
      vertex 0.255000 0.030000 -0.255000
      vertex 0.250000 0.030000 -0.250000
    endloop
  endfacet
  facet normal 0.000000 1.000000 0.000000
    outer loop
      vertex 0.255000 0.030000 0.255000
      vertex 0.250000 0.030000 -0.250000
      vertex 0.250000 0.030000 0.250000
    endloop
  endfacet
endsolid Mesh
